1 2 1
1 4 2
1 7 3
1 9 1
1 13 2
1 15 3
1 18 1
1 20 2
2 3 3
2 6 1
2 8 2
2 12 3
2 14 1
2 17 2
2 19 3
3 5 1
3 7 2
3 10 3
3 13 1
3 16 2
3 18 3
3 21 1
4 5 2
4 6 3
4 10 1
4 12 2
4 16 3
4 17 1
4 21 2
5 8 3
5 9 1
5 14 2
5 15 3
5 19 1
5 20 2
6 11 3
6 13 1
6 15 2
6 22 3
7 11 1
7 12 2
7 14 3
7 22 1
8 11 2
8 13 3
8 16 1
8 22 2
9 11 3
9 12 1
9 16 2
9 22 3
10 11 1
10 14 2
10 15 3
10 22 1
11 17 2
11 18 3
11 19 1
11 20 2
11 21 3
12 23 1
13 23 2
14 23 3
15 23 1
16 23 2
17 23 3
18 23 1
19 23 2
20 23 3
21 23 1
22 23 2