1 2 1
1 4 2
1 7 3
1 9 4
1 13 5
1 15 1
1 18 2
1 20 3
1 25 4
1 27 5
1 30 1
1 32 2
1 36 3
1 38 4
1 41 5
1 43 1
2 3 2
2 6 3
2 8 4
2 12 5
2 14 1
2 17 2
2 19 3
2 24 4
2 26 5
2 29 1
2 31 2
2 35 3
2 37 4
2 40 5
2 42 1
3 5 2
3 7 3
3 10 4
3 13 5
3 16 1
3 18 2
3 21 3
3 25 4
3 28 5
3 30 1
3 33 2
3 36 3
3 39 4
3 41 5
3 44 1
4 5 2
4 6 3
4 10 4
4 12 5
4 16 1
4 17 2
4 21 3
4 24 4
4 28 5
4 29 1
4 33 2
4 35 3
4 39 4
4 40 5
4 44 1
5 8 2
5 9 3
5 14 4
5 15 5
5 19 1
5 20 2
5 26 3
5 27 4
5 31 5
5 32 1
5 37 2
5 38 3
5 42 4
5 43 5
6 11 1
6 13 2
6 15 3
6 22 4
6 25 5
6 27 1
6 34 2
6 36 3
6 38 4
6 45 5
7 11 1
7 12 2
7 14 3
7 22 4
7 24 5
7 26 1
7 34 2
7 35 3
7 37 4
7 45 5
8 11 1
8 13 2
8 16 3
8 22 4
8 25 5
8 28 1
8 34 2
8 36 3
8 39 4
8 45 5
9 11 1
9 12 2
9 16 3
9 22 4
9 24 5
9 28 1
9 34 2
9 35 3
9 39 4
9 45 5
10 11 1
10 14 2
10 15 3
10 22 4
10 26 5
10 27 1
10 34 2
10 37 3
10 38 4
10 45 5
11 17 1
11 18 2
11 19 3
11 20 4
11 21 5
11 29 1
11 30 2
11 31 3
11 32 4
11 33 5
11 40 1
11 41 2
11 42 3
11 43 4
11 44 5
12 23 1
12 25 2
12 27 3
12 30 4
12 32 5
12 46 1
13 23 2
13 24 3
13 26 4
13 29 5
13 31 1
13 46 2
14 23 3
14 25 4
14 28 5
14 30 1
14 33 2
14 46 3
15 23 4
15 24 5
15 28 1
15 29 2
15 33 3
15 46 4
16 23 5
16 26 1
16 27 2
16 31 3
16 32 4
16 46 5
17 23 1
17 25 2
17 27 3
17 34 4
17 46 5
18 23 1
18 24 2
18 26 3
18 34 4
18 46 5
19 23 1
19 25 2
19 28 3
19 34 4
19 46 5
20 23 1
20 24 2
20 28 3
20 34 4
20 46 5
21 23 1
21 26 2
21 27 3
21 34 4
21 46 5
22 23 1
22 29 2
22 30 3
22 31 4
22 32 5
22 33 1
22 46 2
23 35 3
23 36 4
23 37 5
23 38 1
23 39 2
23 40 3
23 41 4
23 42 5
23 43 1
23 44 2
23 45 3
24 47 4
25 47 5
26 47 1
27 47 2
28 47 3
29 47 4
30 47 5
31 47 1
32 47 2
33 47 3
34 47 4
35 47 5
36 47 1
37 47 2
38 47 3
39 47 4
40 47 5
41 47 1
42 47 2
43 47 3
44 47 4
45 47 5
46 47 1