1 7 1
1 13 2
1 19 3
1 25 4
1 2 5
1 3 1
1 4 2
1 5 3
1 6 4
1 11 5
1 16 1
1 21 2
2 8 3
2 14 4
2 20 5
2 6 1
2 3 2
2 4 3
2 5 4
2 7 5
2 12 1
2 17 2
2 22 3
2 1 4
3 9 5
3 15 1
3 7 2
3 11 3
3 4 4
3 5 5
3 8 1
3 13 2
3 18 3
3 23 4
3 2 5
3 1 1
4 10 2
4 8 3
4 12 4
4 16 5
4 5 1
4 9 2
4 14 3
4 19 4
4 24 5
4 3 1
4 2 2
4 1 3
5 9 4
5 13 5
5 17 1
5 21 2
5 10 3
5 15 4
5 20 5
5 25 1
5 4 2
5 3 3
5 2 4
5 1 5
6 12 1
6 18 2
6 24 3
6 7 4
6 8 5
6 9 1
6 10 2
6 11 3
6 16 4
6 21 5
6 2 1
6 1 2
7 13 3
7 19 4
7 25 5
7 11 1
7 8 2
7 9 3
7 10 4
7 12 5
7 17 1
7 22 2
7 6 3
7 3 4
7 2 5
7 1 1
8 14 2
8 20 3
8 12 4
8 16 5
8 9 1
8 10 2
8 13 3
8 18 4
8 23 5
8 7 1
8 6 2
8 4 3
8 3 4
8 2 5
9 15 1
9 13 2
9 17 3
9 21 4
9 10 5
9 14 1
9 19 2
9 24 3
9 8 4
9 7 5
9 6 1
9 5 2
9 4 3
9 3 4
10 14 5
10 18 1
10 22 2
10 15 3
10 20 4
10 25 5
10 9 1
10 8 2
10 7 3
10 6 4
10 5 5
10 4 1
11 17 2
11 23 3
11 12 4
11 13 5
11 14 1
11 15 2
11 16 3
11 21 4
11 7 5
11 6 1
11 3 2
11 1 3
12 18 4
12 24 5
12 16 1
12 13 2
12 14 3
12 15 4
12 17 5
12 22 1
12 11 2
12 8 3
12 7 4
12 6 5
12 4 1
12 2 2
13 19 3
13 25 4
13 17 5
13 21 1
13 14 2
13 15 3
13 18 4
13 23 5
13 12 1
13 11 2
13 9 3
13 8 4
13 7 5
13 5 1
13 3 2
13 1 3
14 20 4
14 18 5
14 22 1
14 15 2
14 19 3
14 24 4
14 13 5
14 12 1
14 11 2
14 10 3
14 9 4
14 8 5
14 4 1
14 2 2
15 19 3
15 23 4
15 20 5
15 25 1
15 14 2
15 13 3
15 12 4
15 11 5
15 10 1
15 9 2
15 5 3
15 3 4
16 22 5
16 17 1
16 18 2
16 19 3
16 20 4
16 21 5
16 12 1
16 11 2
16 8 3
16 6 4
16 4 5
16 1 1
17 23 2
17 21 3
17 18 4
17 19 5
17 20 1
17 22 2
17 16 3
17 13 4
17 12 5
17 11 1
17 9 2
17 7 3
17 5 4
17 2 5
18 24 1
18 22 2
18 19 3
18 20 4
18 23 5
18 17 1
18 16 2
18 14 3
18 13 4
18 12 5
18 10 1
18 8 2
18 6 3
18 3 4
19 25 5
19 23 1
19 20 2
19 24 3
19 18 4
19 17 5
19 16 1
19 15 2
19 14 3
19 13 4
19 9 5
19 7 1
19 4 2
19 1 3
20 24 4
20 25 5
20 19 1
20 18 2
20 17 3
20 16 4
20 15 5
20 14 1
20 10 2
20 8 3
20 5 4
20 2 5
21 22 1
21 23 2
21 24 3
21 25 4
21 17 5
21 16 1
21 13 2
21 11 3
21 9 4
21 6 5
21 5 1
21 1 2
22 23 3
22 24 4
22 25 5
22 21 1
22 18 2
22 17 3
22 16 4
22 14 5
22 12 1
22 10 2
22 7 3
22 2 4
23 24 5
23 25 1
23 22 2
23 21 3
23 19 4
23 18 5
23 17 1
23 15 2
23 13 3
23 11 4
23 8 5
23 3 1
24 25 2
24 23 3
24 22 4
24 21 5
24 20 1
24 19 2
24 18 3
24 14 4
24 12 5
24 9 1
24 6 2
24 4 3
25 24 4
25 23 5
25 22 1
25 21 2
25 20 3
25 19 4
25 15 5
25 13 1
25 10 2
25 7 3
25 5 4
25 1 5